26 57
51 13
15496 17815
20 81
66 14
13062 10478
73 15
29 42
7707 4539
27 49
57 29
19292 19334
72 24
25 73
17782 9862
15 64
92 93
3982 4709
82 22
46 99
6862 5654
73 17
47 50
3183 1991
35 12
47 67
17523 7451
65 19
12 43
15587 17340
15 33
63 20
18581 7263
57 93
82 28
4578 7152
96 64
17 69
3737 6701
82 24
46 99
7390 5841
65 25
19 58
12867 11274
83 46
46 88
6328 7820
22 38
51 17
15619 1409
33 92
17 14
4069 9574
11 36
54 37
13225 1602
79 32
18 59
8050 15135
42 68
68 31
3126 2451
71 18
13 59
5318 7029
28 84
89 23
3256 3912
30 68
65 27
16480 16024
35 16
43 63
2645 1949
61 43
15 45
6334 5842
75 21
12 59
5084 18594
13 46
64 35
10735 12326
18 50
63 20
818 4410
70 18
19 71
2111 5647
36 62
49 16
19024 6036
16 34
56 24
5160 8740
47 90
87 45
2445 2250
41 53
83 20
1949 599
84 43
11 32
7833 5671
79 71
15 57
1240 2420
48 14
20 74
18404 4066
16 39
45 19
7372 3455
75 31
14 75
1426 4673
41 19
20 45
1495 8405
33 62
27 12
10865 15726
90 80
27 85
2115 3405
56 12
67 73
5374 5022
23 71
65 15
9301 1597
13 34
78 55
11261 4722
25 13
35 84
2565 4558
70 31
20 62
11690 6749
71 26
33 65
5473 3380
29 74
57 23
4321 7475
32 69
58 32
4332 5060
99 12
37 43
4776 810
14 41
67 19
4835 3704
41 99
59 40
2266 4242
96 41
27 93
8178 7892
21 59
66 19
6632 13403
57 27
11 31
2568 8668
78 15
11 76
1828 13755
81 31
12 46
15002 3378
79 13
18 76
5203 11361
39 60
42 12
9614 1508
89 13
84 87
10089 4986
33 76
95 51
10102 6822
25 65
60 18
10890 8512
29 11
12 19
7479 9810
97 15
76 62
9745 5577
19 52
72 31
7974 612
96 60
28 85
6896 10520
57 29
14 29
14115 15866
85 13
48 84
4201 2329
11 48
27 12
18447 10292
40 15
24 62
9368 15709
32 11
46 65
7678 17148
73 72
78 12
4009 2136
27 53
58 35
15696 13514
79 34
31 79
2648 3569
12 60
74 32
14124 8520
28 66
92 32
9444 7842
57 27
29 66
9346 6842
13 76
51 53
1091 2946
62 23
27 59
15707 18535
65 12
87 84
9096 5280
60 73
81 12
13554 8355
13 90
94 21
8504 6603
98 39
53 73
6044 7077
71 11
24 84
15342 14922
32 14
38 55
6166 3033
45 17
24 50
14639 15983
28 85
70 43
3192 7656
19 87
42 35
2071 6494
95 71
32 82
4128 5060
38 16
33 61
8304 16358
82 41
15 55
2817 4876
13 52
84 46
18258 17082
77 56
27 65
7985 9391
19 63
95 36
9101 7578
53 26
11 21
4919 4544
26 72
39 27
5070 7560
14 26
61 36
5189 4304
49 13
42 48
6678 4536
86 39
12 55
9306 6676
21 99
53 44
1975 4576
29 47
46 14
2373 323
33 51
33 16
3861 4042
16 35
56 29
12328 15241
79 46
42 96
9137 11330
33 18
24 44
1907 17842
36 65
53 17
7394 10972
13 40
49 19
16980 18282
12 32
54 35
15608 17942
19 96
90 28
5195 7472
79 20
11 52
1308 4416
70 43
13 33
2728 16318
27 57
69 35
19667 16365
61 15
23 78
15537 5324
15 37
83 59
14468 18532
42 23
28 59
1810 3395
82 14
15 74
7375 16290
64 22
30 70
6200 7440
99 24
11 12
2860 1188
17 39
69 41
7116 16904
99 88
14 92
6363 6372
57 87
95 46
7410 8637
46 31
13 36
14091 7260
26 54
60 34
1774 12646
49 58
75 19
4463 3957
11 55
26 18
2948 6116
19 93
74 22
6888 3096
38 72
63 12
1149 996
43 79
54 25
4804 2815
15 54
99 69
2346 2985
78 70
26 80
9360 13330
52 12
34 67
13144 11462
50 19
53 98
1898 1967
46 15
29 59
15349 1647
16 71
69 12
14848 3054
70 16
14 47
15544 7609
66 22
62 76
7270 6850
19 75
34 26
2697 3937
62 39
17 47
6349 8658
11 46
64 13
17366 18904
17 58
27 13
593 15287
39 60
86 25
4635 1980
22 57
93 74
2326 4023
80 39
15 48
16720 2783
98 94
79 15
4327 2631
57 73
68 26
9634 7268
29 19
13 28
8784 14474
19 32
48 13
14507 18875
32 86
62 14
4008 6498
36 95
64 11
5176 4975
31 58
42 16
2690 4720
74 82
91 14
12547 8780
44 12
35 62
18163 16198
77 31
14 43
3612 2874
88 98
85 13
3940 1448
54 96
55 20
5777 6148
39 11
15 32
3450 3389
58 23
36 71
5670 3780
29 11
39 64
5057 10830
69 74
98 14
10935 5988
33 82
91 18
3018 1880
14 66
68 15
8874 14402
16 70
39 19
1802 6974
67 43
12 26
6577 16569
11 26
70 46
11514 2076
21 45
35 13
12583 5637
56 14
27 70
3749 9804
78 15
15 62
9104 17334
28 48
56 28
13080 7784
65 32
12 40
8025 19496
14 57
57 11
5524 7392
16 87
33 11
1574 2158
34 15
12 44
6952 3878
97 37
31 75
3699 5391
11 65
75 25
4631 10565
55 17
59 98
4568 4762
15 48
76 37
1708 9547
73 25
19 58
14528 8489
41 79
53 15
183 13369
20 66
61 14
16112 11130
48 17
16 37
8320 17122
88 29
49 99
10732 7845
39 74
57 20
4013 15344
91 71
17 97
7772 9832
34 72
58 19
14216 18213
86 16
13 86
3054 1404
26 72
44 12
8224 18524
28 64
41 13
18355 6055
16 46
73 34
1805 11054
14 40
53 11
15743 14999
80 56
11 28
3022 704
12 70
56 15
3404 13855
32 67
49 22
12592 14397
78 54
18 41
13664 18184
36 84
61 15
9920 13064
29 29
12 92
1367 6807
48 18
31 54
1204 19574
12 88
94 71
1054 3401
46 21
24 62
19754 3171
25 97
55 49
3030 6660
33 65
49 12
10709 952
70 34
17 53
9785 10541
19 75
87 69
5252 5364
35 58
32 15
8591 12501
58 72
85 19
3912 3472
67 11
35 60
2581 4113
96 11
14 61
2434 1645
86 17
36 40
6750 3965
12 35
50 11
14072 1276
14 65
97 55
8508 10245
57 16
24 53
17963 1031
13 37
43 18
6253 3317
18 78
68 14
5802 4092
24 56
74 40
8946 4664
16 52
62 32
16852 2200
16 50
53 40
6069 6780
18 90
53 56
1398 1974
77 82
15 79
5495 6293
41 14
18 68
9063 8562
15 85
90 73
9675 11999
14 74
51 17
3190 4738
17 30
83 37
3248 2995
83 42
19 81
5106 3369
19 41
44 21
18698 10787
19 58
61 11
2384 15930
73 52
12 35
8171 9895
86 97
11 55
4085 6439
64 24
14 57
14120 332
89 17
62 73
2030 2039
97 50
31 58
6088 6920
94 11
23 76
3784 3815
74 12
14 36
2332 1896
35 14
32 47
1423 1903
22 52
73 37
15481 1537
11 36
53 19
666 944
25 54
58 24
11466 18980
17 27
36 17
1897 12407
79 40
27 73
4741 4833
41 69
37 14
15015 9450
60 33
35 59
10025 314
17 36
55 13
11301 15168
96 65
36 96
4764 3727
11 57
74 30
3734 6146
55 13
23 77
4431 9909
48 17
54 87
8184 8057
67 63
75 16
7827 5615
13 63
73 22
13874 4796
61 28
11 40
1316 5424
46 74
88 46
4688 5248
31 73
45 29
1389 2963
75 22
13 52
16116 16300
54 29
14 53
3490 6303
92 40
61 98
9054 8940
40 17
26 67
1846 13017
65 37
14 99
7303 9801
55 28
24 50
786 10508
12 48
81 26
3537 4314
29 70
68 32
4657 4502
22 61
60 24
7344 7968
75 41
11 51
11493 5927
42 83
53 11
8493 9605
45 46
79 20
5516 4788
84 16
84 75
13188 5993
11 94
78 45
2086 6638
83 28
56 91
3610 2660
64 15
20 68
11692 17535
54 24
24 61
3348 4659
27 61
60 30
11660 1330
32 18
23 53
4882 6512
95 34
23 30
11472 6152
23 48
62 33
510 5855
55 42
12 54
2205 1908
18 11
12 38
7958 10693
11 61
59 55
5913 9927
30 64
82 23
10452 7712
11 60
70 31
7395 3976
30 80
61 17
7588 7416
56 22
26 57
18250 6355
49 12
16 33
5752 4026
91 84
82 13
12139 5751
16 35
72 41
12752 13927
24 76
87 72
9660 11868
68 23
63 99
4948 5092
34 98
86 72
3820 8900
31 62
42 11
12674 12271
29 38
57 21
2526 1914
27 65
33 20
2022 1955
24 44
29 16
19334 19344
99 60
37 88
10117 9148
34 14
14 59
3768 18903
84 20
63 60
6258 2480
30 64
68 34
17778 19104
14 85
39 37
1598 6106
92 42
13 41
7615 5405
29 88
28 15
1819 2931
90 52
11 86
2564 1800
36 16
23 32
18203 5056
19 42
75 53
17642 9310
49 19
59 96
3116 4645
57 25
18 98
2361 9145
20 60
22 17
2380 5670
11 57
66 12
14092 6494
80 41
11 42
5376 3337
12 38
41 17
4306 14086
12 31
67 24
12982 774
64 95
69 29
5046 2938
18 56
25 12
18739 1924
93 28
34 52
10246 6760
38 11
17 26
6062 2948
33 18
14 50
14693 9410
80 14
16 72
336 15754
87 12
62 84
6307 4416
20 60
36 15
4732 6570
19 78
35 18
4115 8598
30 44
96 35
9468 6163
71 96
62 23
4729 5725
20 43
43 14
10829 16073
12 53
90 47
6066 6112
75 20
56 74
5137 5918
22 57
67 26
9086 311
